ENTRADA
valores_iniciales=[|
0, 6, 1, 3, 0, 4, 8, 0, 0|
0, 0, 0, 0, 6, 0, 5, 1, 4|
4, 2, 9, 0, 8, 5, 3, 0, 0|
0, 0, 0, 7, 5, 3, 0, 8, 2|
0, 0, 0, 0, 0, 8, 0, 0, 3|
0, 0, 0, 4, 0, 0, 0, 0, 1|
9, 0, 4, 5, 3, 1, 0, 7, 0|
2, 5, 0, 0, 0, 9, 0, 0, 0|
0, 1, 0, 8, 0, 7, 0, 4, 5|];

SALIDA
 -----------------------
| 5 6 1 | 3 7 4 | 8 2 9 |
| 3 7 8 | 9 6 2 | 5 1 4 |
| 4 2 9 | 1 8 5 | 3 6 7 |
 -----------------------
| 1 9 6 | 7 5 3 | 4 8 2 |
| 7 4 5 | 2 1 8 | 6 9 3 |
| 8 3 2 | 4 9 6 | 7 5 1 |
 -----------------------
| 9 8 4 | 5 3 1 | 2 7 6 |
| 2 5 7 | 6 4 9 | 1 3 8 |
| 6 1 3 | 8 2 7 | 9 4 5 |
 -----------------------