ENTRADA
valores_iniciales=[|
0, 0, 0, 9, 2, 8, 0, 0, 0|
0, 0, 0, 0, 1, 0, 0, 7, 3|
0, 0, 0, 0, 7, 0, 0, 4, 0|
0, 0, 0, 0, 0, 0, 0, 0, 8|
0, 9, 0, 1, 0, 0, 0, 0, 2|
8, 2, 0, 0, 0, 0, 7, 0, 0|
0, 0, 3, 0, 0, 0, 6, 5, 0|
7, 0, 0, 6, 0, 0, 0, 0, 0|
0, 0, 1, 0, 0, 9, 0, 0, 0|];


SALIDA
 -----------------------
| 3 7 4 | 9 2 8 | 1 6 5 |
| 2 6 9 | 5 1 4 | 8 7 3 |
| 5 1 8 | 3 7 6 | 2 4 9 |
 -----------------------
| 1 3 7 | 2 6 5 | 4 9 8 |
| 4 9 6 | 1 8 7 | 5 3 2 |
| 8 2 5 | 4 9 3 | 7 1 6 |
 -----------------------
| 9 8 3 | 7 4 2 | 6 5 1 |
| 7 5 2 | 6 3 1 | 9 8 4 |
| 6 4 1 | 8 5 9 | 3 2 7 |
 -----------------------