ENTRADA

valores_iniciales=[|
0, 9, 0, 0, 0, 0, 0, 1, 0|
8, 0, 4, 0, 2, 0, 3, 0, 7|
0, 6, 0, 9, 0, 7, 0, 2, 0|
0, 0, 5, 0, 3, 0, 1, 0, 0|
0, 7, 0, 5, 0, 1, 0, 3, 0|
0, 0, 3, 0, 9, 0, 8, 0, 0|
0, 2, 0, 8, 0, 5, 0, 6, 0|
1, 0, 7, 0, 6, 0, 4, 0, 9|
0, 3, 0, 0, 0, 0, 0, 8, 0|];



SALIDA
 -----------------------
| 7 9 2 | 3 5 4 | 6 1 8 |
| 8 5 4 | 1 2 6 | 3 9 7 |
| 3 6 1 | 9 8 7 | 5 2 4 |
 -----------------------
| 9 4 5 | 6 3 8 | 1 7 2 |
| 2 7 8 | 5 4 1 | 9 3 6 |
| 6 1 3 | 7 9 2 | 8 4 5 |
 -----------------------
| 4 2 9 | 8 1 5 | 7 6 3 |
| 1 8 7 | 2 6 3 | 4 5 9 |
| 5 3 6 | 4 7 9 | 2 8 1 |
 -----------------------

