ENTRADA

alores_iniciales=[|
0, 0, 0, 9, 0, 0, 0, 0, 6|
5, 0, 0, 0, 0, 0, 0, 0, 9|
0, 4, 0, 0, 0, 0, 1, 0, 0|
0, 0, 6, 0, 3, 1, 9, 0, 8|
2, 0, 0, 5, 0, 9, 0, 0, 7|
8, 0, 3, 7, 4, 0, 2, 0, 0|
0, 0, 8, 0, 0, 0, 0, 5, 0|
9, 0, 0, 0, 0, 0, 0, 0, 4|
6, 0, 0, 0, 0, 5, 0, 0, 0|];

SALIDA
 -----------------------
| 1 8 7 | 9 2 4 | 5 3 6 |
| 5 6 2 | 8 1 3 | 4 7 9 |
| 3 4 9 | 6 5 7 | 1 8 2 |
 -----------------------
| 7 5 6 | 2 3 1 | 9 4 8 |
| 2 1 4 | 5 8 9 | 3 6 7 |
| 8 9 3 | 7 4 6 | 2 1 5 |
 -----------------------
| 4 7 8 | 3 9 2 | 6 5 1 |
| 9 3 5 | 1 6 8 | 7 2 4 |
| 6 2 1 | 4 7 5 | 8 9 3 |
 -----------------------