ENTRADA

valores_iniciales=[|
4, 0, 6, 0, 0, 0, 0, 0, 0|
0, 0, 0, 7, 0, 3, 0, 5, 0|
0, 3, 2, 0, 0, 0, 0, 0, 1|
0, 0, 0, 0, 0, 0, 3, 0, 4|
0, 0, 0, 2, 8, 0, 7, 0, 0|
0, 1, 8, 0, 0, 0, 0, 0, 6|
3, 0, 0, 0, 0, 7, 0, 0, 0|
9, 7, 0, 0, 5, 0, 0, 0, 0|
0, 0, 0, 0, 0, 0, 0, 4, 0|];


SALIDA

 -----------------------
| 4 5 6 | 1 2 8 | 9 7 3 |
| 1 8 9 | 7 6 3 | 4 5 2 |
| 7 3 2 | 4 9 5 | 8 6 1 |
 -----------------------
| 2 9 7 | 5 1 6 | 3 8 4 |
| 6 4 3 | 2 8 9 | 7 1 5 |
| 5 1 8 | 3 7 4 | 2 9 6 |
 -----------------------
| 3 6 1 | 8 4 7 | 5 2 9 |
| 9 7 4 | 6 5 2 | 1 3 8 |
| 8 2 5 | 9 3 1 | 6 4 7 |
 -----------------------