
Entrada:

    0,   11,  31,   0,     0,      38,  16, 
    13,   0,   0,   0,  17/22,     0,   0,
    3,    0,   0,  24/9,   0,      0,   0,
    0,   30,   0,   0,     0,      0,   0,
    0,   9/11, 0,   0,     0,      0,   9,
    19,   0,   0,   0,    14,      0,   0,
    8,    0,   0,   0,     6,      0,   0  


Salida:

X    11V	31V	  X	        X	   38V	   16V	
13H	  9	     4	  X	     17H/22V	8	    9	
3H	  2	     1	24H/9V	    8	    9	    7	
X	  30H	  8	   6	    9	    7	    X	
X	  11H/9V  2	   1	    5	    3	    9V	
19H	  8	      9	   2	   14H	    6	    8	
8H	  1	      7	   X	    6H	    5	    1